1
2
3
4
5
-9
-7
-2
0
6
2
-5
-1
8
1
2
3
4
5
-9
-7
-2
0
6
2
-5
-1
8
1
2
3
4
5
-9
-7
-2
0
6
2
-5
-1
8
1
2
3
4
5
-9
-7
-2
0
6
2
-5
-1
8
1
2
3
4
5
-9
-7
-2
0
6
2
-5
-1
8
1
2
3
4
5
-9
-7
-2
0
6
2
-5
-1
8
1
2
3
4
5
-9
-7
-2
0
6
2
-5
-1
8
1
2
3
4
5
-9
-7
-2
0
6
2
-5
-1
8
1
2
3
4
5
-9
-7
-2
0
6
2
-5
-1
8
1
2
3
4
5
-9
-7
-2
0
6
8
-1
2
-5
1
2
3
4
5
-9
-7
-2
0
6
2
-5
-1
8
1
2
3
4
5
-9
-7
-2
0
6
2
-5
-1
8
8
-1
2
-5
1
2
3
4
5
-9
-7
-2
0
6
2
-5
-1
8
8
-1
2
-5
1
2
3
4
5
-9
-7
-2
0
6
2
-5
-1
8
8
-1
2
-5
1
2
3
4
5
-9
-7
-2
0
6
2
-5
-1
8